1101368
3102457
4102468
5101357
62024676
2302467#
42023577
32024588
52014674
6201457!
6202358$
6201368@
1202368#
3202458^
32014571
62014580
7202357@
62013572
52013587
52023579
22013677
42024571
12024582
7101367
3101458
3102357
1101367
5101358
5101367
6101467
1102458
1102457
5102368
6101457
5102457
7102467
4101357
5102357
1102458
23013684
7302468!
63013589
2301367%
53013680
2302468%
5301358#
4302457@
5301467!
53013676
4301367%
53013673
23024672
43013685
4302367%
63013574
43023575
2301457$
13023674
7302358^
33014573
33024689
23013682
1301368%
53023573
33024589
23024689
5302467^
73024683
3301357!
33024577
13024587
43014688
43014680
43024570
